| state_0 | state_1 | state_2 | state_3 | state_4 | state_5 | state_6 | state_7 | state_8 | action | reward | next_state_0 | next_state_1 | next_state_2 | next_state_3 | next_state_4 | next_state_5 | next_state_6 | next_state_7 | next_state_8 |
|---------|---------|---------|---------|---------|---------|---------|---------|---------|--------|--------|--------------|--------------|--------------|--------------|--------------|--------------|--------------|--------------|--------------|
| 0.12    | 0.23    | 0.45    | 0.67    | 0.89    | 0.34    | 0.78    | 0.56    | 0.98    | 2      | 1      | 0.09         | 0.12         | 0.56         | 0.67         | 0.23         | 0.78         | 0.89         | 0.34         | 0.98         |
| 0.09    | 0.12    | 0.56    | 0.67    | 0.23    | 0.78    | 0.89    | 0.34    | 0.98    | 4      | 1      | 0.34         | 0.45         | 0.78         | 0.89         | 0.12         | 0.67         | 0.23         | 0.56         | 0.98         |
| 0.34    | 0.45    | 0.78    | 0.89    | 0.12    | 0.67    | 0.23    | 0.56    | 0.98    | 0      | 1      | 0.67         | 0.78         | 0.12         | 0.23         | 0.45         | 0.89         | 0.56         | 0.34         | 0.98         |
| 0.67    | 0.78    | 0.12    | 0.23    | 0.45    | 0.89    | 0.56    | 0.34    | 0.98    | 8      | 1      | 0.45         | 0.56         | 0.89         | 0.12         | 0.67         | 0.23         | 0.78         | 0.34         | 0.98         |
| 0.45    | 0.56    | 0.89    | 0.12    | 0.67    | 0.23    | 0.78    | 0.34    | 0.98    | 3      | 1      | 0.23         | 0.34         | 0.67         | 0.78         | 0.56         | 0.89         | 0.12         | 0.45         | 0.98         |
| 0.23    | 0.34    | 0.67    | 0.78    | 0.56    | 0.89    | 0.12    | 0.45    | 0.98    | 6      | 1      | 0.78         | 0.89         | 0.34         | 0.45         | 0.56         | 0.67         | 0.23         | 0.12         | 0.98         |
| 0.78    | 0.89    | 0.34    | 0.45    | 0.56    | 0.67    | 0.23    | 0.12    | 0.98    | 1      | 1      | 0.56         | 0.67         | 0.23         | 0.78         | 0.89         | 0.34         | 0.12         | 0.45         | 0.98         |
| 0.56    | 0.67    | 0.23    | 0.78    | 0.89    | 0.34    | 0.12    | 0.45    | 0.98    | 5      | 1      | 0.89         | 0.12         | ...
